
============================================================
Basic shape
============================================================
Rows: 4,502,867
Columns: 106

============================================================
Unique companies
============================================================
Unique VAT numbers: 564,598

============================================================
Panel structure
============================================================
count    564598.000000
mean          7.975351
std           3.861916
min           1.000000
25%           4.000000
50%          10.000000
75%          11.000000
max          15.000000
dtype: float64

============================================================
Bookyears
============================================================
bookyear
2008         3
2009         5
2010     31784
2011    284926
2012    314612
2013    333952
2014    357660
2015    379375
2016    398733
2017    417623
2018    436562
2019    456311
2020    437892
2021    501596
2022    151269
2023       564
Name: count, dtype: int64

============================================================
Legal forms
============================================================
rechtsvorm
BVBA        2388031
NaN         1120965
NV           654855
BV           162008
CVBA          67890
VZW           59800
Comm.VA       16724
Comm.V         5423
CV (OS)        4833
CVBA SO        3614
BO             2814
CVOA           2647
VOF            2473
IVZW           2197
AUTOGEMB       1392
ESV            1009
CommV          1001
CV              813
BVBA SO         576
EESV            570
Name: count, dtype: int64

============================================================
Schema types
============================================================
nature
1     2393601
2      203881
3          14
4       63207
5       15866
7     1141246
8        3336
81     179816
82       9704
87     492196
Name: count, dtype: int64

============================================================
Industries
============================================================
industry
14.0    1139048
NaN     1120965
16.0     712331
17.0     495845
18.0     340437
15.0     234485
19.0     116469
0.0       94617
12.0      81583
11.0      70620
10.0      52995
13.0      43472
Name: count, dtype: int64

============================================================
Bankruptcies
============================================================
Unique failed companies: 14,678
Failure rate: 2.60%

============================================================
Bankruptcy years
============================================================
jaar_van_faling
2018.0      20134
2019.0      22370
2020.0      14171
NaN       4446192
Name: count, dtype: int64

============================================================
Missing value summary
============================================================
Columns >= 90% missing: 3
Columns >= 80% missing: 8
Columns >= 50% missing: 36

============================================================
Most incomplete columns
============================================================
fail               98.741357
jaar_van_faling    98.741357
faling_datum       98.741357
rub8079            87.333803
rub1323            84.847409
rub26              84.704612
rub132             82.834137
rub1343            81.844012
rub6921            78.979837
rub101             76.002023
rub9900            75.105527
rub51_53           75.105527
rub21_28           75.105527
openingfaling      75.105527
rub290             74.415211
rub11              73.941647
rub691_2           73.371632
rub12              73.233564
rub439             73.220217
rub15              72.556529
rub37              72.285457
rub9087            72.068129
rub291             71.498137
rub29              70.912421
rub492_3           70.366946
rub62              67.842932
rub454_9           66.844368
rub22              66.140128
rub174_0           65.563273
rub70              64.266500
dtype: float64

============================================================
Missing rechtsvorm by nature
============================================================
nature
1       6.38
2      15.58
3       0.00
4      20.41
5      20.67
7      20.65
8     100.00
81     99.91
82     99.77
87     99.96
Name: rechtsvorm, dtype: float64

============================================================
Missing industry by nature
============================================================
nature
1       6.38
2      15.58
3       0.00
4      20.41
5      20.67
7      20.65
8     100.00
81     99.91
82     99.77
87     99.96
Name: industry, dtype: float64

============================================================
Missing rechtsvorm by bookyear
============================================================
bookyear
2008    100.00
2009    100.00
2010      0.02
2011      0.00
2012      0.01
2013      0.01
2014      0.01
2015      0.03
2016      0.08
2017      0.22
2018      0.71
2019      8.84
2020     96.52
2021    100.00
2022    100.00
2023    100.00
Name: rechtsvorm, dtype: float64

============================================================
Missing industry by bookyear
============================================================
bookyear
2008    100.00
2009    100.00
2010      0.02
2011      0.00
2012      0.01
2013      0.01
2014      0.01
2015      0.03
2016      0.08
2017      0.22
2018      0.71
2019      8.84
2020     96.52
2021    100.00
2022    100.00
2023    100.00
Name: industry, dtype: float64

============================================================
Missing rechtsvorm vs missing industry
============================================================
industry      False     True      All
rechtsvorm
False       3381902        0  3381902
True              0  1120965  1120965
All         3381902  1120965  4502867

============================================================
Nature when rechtsvorm is missing
============================================================
nature
1     152715
2      31764
4      12900
5       3280
7     235632
8       3336
81    179655
82      9682
87    492001
Name: count, dtype: int64

============================================================
Nature when industry is missing
============================================================
nature
1     152715
2      31764
4      12900
5       3280
7     235632
8       3336
81    179655
82      9682
87    492001
Name: count, dtype: int64

============================================================
Missing rechtsvorm by year and nature
============================================================
nature        1       2    3       4       5       7      8       81      82  \
bookyear
2008      100.00     NaN  NaN     NaN     NaN     NaN    NaN     NaN     NaN
2009      100.00     NaN  NaN     NaN     NaN     NaN    NaN     NaN     NaN
2010        0.02    0.00  NaN    0.00    0.00     NaN    NaN     NaN     NaN
2011        0.00    0.00  NaN    0.00    0.00     NaN    NaN     NaN     NaN
2012        0.01    0.00  NaN    0.00    0.08     NaN    NaN     NaN     NaN
2013        0.01    0.01  NaN    0.06    0.08     NaN    NaN     NaN     NaN
2014        0.01    0.00  NaN    0.07    0.07    0.00    NaN     NaN     NaN
2015        0.03    0.00  0.0    0.11    0.07    0.13    NaN     NaN     NaN
2016        0.08    0.04  NaN    0.20    0.14    0.09    NaN     NaN     NaN
2017        0.22    0.12  NaN    0.46    0.26    0.23    NaN     NaN     NaN
2018        0.59    0.45  NaN    1.27    0.52    0.78    NaN     NaN     NaN
2019        7.44    6.06  NaN    9.91    6.79    9.26  100.0   77.53   82.00
2020       92.25   93.83  NaN   99.25   99.61   92.86  100.0   99.91   99.64
2021      100.00  100.00  NaN  100.00  100.00  100.00  100.0  100.00  100.00
2022      100.00  100.00  NaN  100.00  100.00  100.00  100.0  100.00  100.00
2023      100.00  100.00  NaN  100.00  100.00  100.00  100.0  100.00  100.00

nature        87
bookyear
2008         NaN
2009         NaN
2010         NaN
2011         NaN
2012         NaN
2013         NaN
2014         NaN
2015         NaN
2016         NaN
2017         NaN
2018      100.00
2019       88.26
2020       99.97
2021      100.00
2022      100.00
2023      100.00

============================================================
Examples with missing rechtsvorm
============================================================
          vat  bookyear  nature  industry  hoofdnacebel
0   200065765      2020       2       NaN           NaN
1   200068636      2020       2       NaN           NaN
2   200068636      2021       2       NaN           NaN
3   200305493      2020      82       NaN           NaN
4   200305493      2021      82       NaN           NaN
5   200362210      2019       2       NaN           NaN
6   200362210      2020      82       NaN           NaN
7   200362210      2021      82       NaN           NaN
8   200362408      2021       2       NaN           NaN
9   200762878      2020      82       NaN           NaN
10  200762878      2021      82       NaN           NaN
11  200881951      2020       2       NaN           NaN
12  200881951      2021       2       NaN           NaN
13  200952524      2020       1       NaN           NaN
14  201105843      2020      82       NaN           NaN
15  201105843      2021      82       NaN           NaN
16  201107526      2020       7       NaN           NaN
17  201107526      2021       7       NaN           NaN
18  201107922      2020      82       NaN           NaN
19  201107922      2021      81       NaN           NaN

============================================================
Examples with missing industry
============================================================
          vat  bookyear  nature  industry  hoofdnacebel
0   200065765      2020       2       NaN           NaN
1   200068636      2020       2       NaN           NaN
2   200068636      2021       2       NaN           NaN
3   200305493      2020      82       NaN           NaN
4   200305493      2021      82       NaN           NaN
5   200362210      2019       2       NaN           NaN
6   200362210      2020      82       NaN           NaN
7   200362210      2021      82       NaN           NaN
8   200362408      2021       2       NaN           NaN
9   200762878      2020      82       NaN           NaN
10  200762878      2021      82       NaN           NaN
11  200881951      2020       2       NaN           NaN
12  200881951      2021       2       NaN           NaN
13  200952524      2020       1       NaN           NaN
14  201105843      2020      82       NaN           NaN
15  201105843      2021      82       NaN           NaN
16  201107526      2020       7       NaN           NaN
17  201107526      2021       7       NaN           NaN
18  201107922      2020      82       NaN           NaN
19  201107922      2021      81       NaN           NaN

============================================================
First 10 rows in raw dataset
============================================================